>> !SPACE
<<
>> !SPACE
<<
>> !SPACE
<<
>> !SPACE
<<
>> !SPACE
<<
>> !SPACE
<<
>> !SPACE
<<
>> !SPACE
<<
>> !SPACE
<<
>> !SPACE
<<
>> !SPACE
<<
>> !SPACE
<<
>> !SPACE
<<
>> !SPACE
<<
>> !SPACE
<<
>> !SPACE
<<@ =&93^13%01.82 TMS-A
>> #@#=92245458
>> C
<<@C=2025/07/01,20:51:34+04
>> C
<<@C=2025/07/01,20:51:34+04
>> C=2025/07/01,20:42:41-28
<<
>> !SPACE
<<
>> !SPACE
<<@ =&93^13%01.82 TMS-A
>> W
<<@W.
>> Q,Q,Q,Q@Q=04F;ADC;FF3;156;2
>> P
<<@P=$04FA88
>> C
<<@C=2025/07/01,20:51:36+04
>> P
<<@P=$04FA88
>> B
<<@B=$000320
>> S=$000000
<<@S=$000000
>> S
<<@S=$000000
>> D
<<@E=$000000;&;&93%01.82#92245458
>> D
<<@DD2024050712383404@E=$000010;M;01
>> H
<<@H=/04FF
>> M
<<@M=01
>> S=$000000
<<@S=$000000
>> S
<<@S=$000000
>> E
<<@E=$000000;&;&93%01.82#92245458
>> E
<<@E=$000008;D;2024/05/07,12:38:34+04
>> E
<<@E=$000010;M;01
>> E
<<@E=$000018;M;01
>> E
<<@E=$000020;D;2024/05/07,12:45:00+04
>> E
<<@E=$000028;E;12:45;04F;ADC;FF3;178;2
>> E
<<@E=$000030;E;13:00;04F;ADC;FF3;179;2
>> E
<<@E=$000038;E;13:15;04E;ADC;FE3;17A;2
>> E
<<@E=$000040;E;13:30;04F;ADC;FF3;17B;2
>> S=$000308
<<@S=$000308
>> S
<<@S=$000308
>> E
<<@E=$000308;E;11:30;04E;ADC;FE3;15F;2
>> E
<<@E=$000310;D;2024/05/08,11:34:13+04
>> P
<<@P=$04FA88
>> C
<<@C=2025/07/01,20:51:38+04
>> S=$027EC8
<<@S=$027EC8
>> S
<<@S=$027EC8
>> E
<<@E=$027EC8;E;03:15;04E;ADC;FE3;142;2
>> E
<<@E=$027ED0;E;03:30;04F;ADC;FF3;142;2
>> E
<<@E=$027ED8;E;03:45;04F;ADC;FF3;142;2
>> E
<<@E=$027EE0;E;04:00;04F;ADC;FF3;142;2
>> E
<<@E=$027EE8;E;04:15;04F;ADC;FF3;142;2
>> S=$028150
<<@S=$028150
>> S
<<@S=$028150
>> E
<<@E=$028150;E;23:30;04F;ADC;FF3;147;2
>> E
<<@E=$028158;E;23:45;04E;ADC;FE3;147;2
>> E
<<@E=$028160;D;2024/12/05,00:00:00+04
>> S=$03BDF0
<<@S=$03BDF0
>> S
<<@S=$03BDF0
>> E
<<@E=$03BDF0;E;10:15;04F;ADC;FF3;15C;2
>> E
<<
>> E
<<
>> E
<<
>> E
<<
>> E
<<
>> E
<<
>> E
<<
>> E
<<
>> E
<<
>> E
<<
>> E
<<
>> E
<<
>> E
<<
>> E
<<
>> E
<<
>> E
<<
>> E
<<
>> E
<<
>> E
<<
>> E
<<
>> E
<<@E=$03BE00;E;10:45;04E;ADC;FE3;15C;2
>> E
<<@E=$03BE08;E;11:00;04F;ADC;FF3;15C;2
>> E
<<@E=$03BE10;E;11:15;04F;ADC;FF3;15C;2
>> E
<<@E=$03BE18;E;11:30;04F;ADC;FF3;15C;2
>> S=$03BED0
<<@S=$03BED0
>> S
<<@S=$03BED0
>> E
<<@E=$03BED0;E;17:15;04F;ADC;FF3;158;2
>> E
<<@E=$03BED8;E;17:30;04F;ADC;FF3;158;2
>> E
<<@E=$03BEF0;E;18:15;04F;ADC;FF3;158;2
>> E
<<@E=$03BEF8;E;18:30;04F;ADC;FF3;158;2
>> E
<<@E=$03BF00;E;18:45;04F;ADC;FF3;158;2
>> E
<<@E=$03BF08;E;19:00;04E;ADC;FE3;158;2
>> E
<<@E=$03BF10;E;19:15;04F;ADC;FF3;158;2
>> E
<<@E=$03BF18;E;19:30;04F;ADC;FF3;158;2
>> E
<<@E=$03BF20;E;19:45;04F;ADC;FF3;158;2
>> E
<<@E=$03BF28;E;20:00;04E;ADC;FE3;158;2
>> E
<<@E=$03BF30;E;20:15;04F;ADC;FF3;158;2
>> E
<<@E=$03BF38;E;20:30;04E;ADC;FE3;157;2
>> E
<<@E=$03BF40;E;20:45;04E;ADC;FE3;158;2
>> E
<<@E=$03BF48;E;21:00;04F;ADC;FF3;157;2
>> E
<<@E=$03BF50;E;21:15;04E;ADC;FE3;157;2
>> E
<<@E=$03BF58;E;21:30;04E;ADC;FE3;157;2
>> E
<<@E=$03BF60;E;21:45;04F;ADC;FF3;157;2
>> E
<<@E=$03BF68;E;22:00;04F;ADC;FF3;157;2
>> E
<<@E=$03BF70;E;22:15;04F;ADC;FF3;157;2
>> E
<<@E=$03BF78;E;22:30;04E;ADC;FE3;156;2
>> E
<<@E=$03BF80;E;22:45;04F;ADC;FF3;156;2
>> E
<<@E=$03BF88;E;23:00;04F;ADC;FF3;156;2
>> E
<<@E=$03BF90;E;23:15;04E;ADC;FE3;156;2
>> E
<<@E=$03BF98;E;23:30;04E;ADC;FE3;156;2
>> E
<<@E=$03BFA0;E;23:45;04E;ADC;FE3;156;2
>> E
<<@E=$03BFA8;D;2025/03/20,00:00:00+04
>> S=$032080
<<@S=$032080
>> S
<<@S=$032080
>> E
<<@E=$032080;E;11:45;04E;ADC;FE3;154;2
>> E
<<@E=$032088;E;12:00;04E;ADC;FE3;154;2
>> E
<<@E=$032090;E;12:15;04F;ADC;FF3;154;2
>> E
<<@E=$032098;E;12:30;04F;ADC;FF3;154;2
>> E
<<@E=$0320A0;E;12:45;04F;ADC;FF3;154;2
>> S=$032200
<<@S=$032200
>> S
<<@S=$032200
>> E
<<@E=$032200;E;23:45;04E;ADC;FE3;156;2
>> E
<<@E=$032208;D;2025/01/27,00:00:00+04
>> S=$02D1B0
<<@S=$02D1B0
>> S
<<@S=$02D1B0
>> E
<<@E=$02D1B0;E;11:45;04E;ADC;FE3;15E;2
>> E
<<@E=$02D1B8;E;12:00;04F;ADC;FF3;15E;2
>> E
<<@E=$02D1C0;E;12:15;04F;ADC;FF3;15E;2
>> E
<<@E=$02D1C8;E;12:30;04E;ADC;FE3;15E;2
>> E
<<@E=$02D1D0;E;12:45;04E;ADC;FE3;15E;2
>> S=$02D330
<<@S=$02D330
>> S
<<@S=$02D330
>> E
<<@E=$02D330;E;23:45;04F;ADC;FF3;15C;2
>> E
<<@E=$02D338;D;2025/01/01,00:00:00+04
>> S=$02AA48
<<@S=$02AA48
>> S
<<@S=$02AA48
>> E
<<@E=$02AA48;E;11:45;04E;ADC;FE3;15A;2
>> E
<<@E=$02AA50;E;12:00;04E;ADC;FE3;15A;2
>> E
<<@E=$02AA58;E;12:15;04F;ADC;FF3;15A;2
>> E
<<@E=$02AA60;E;12:30;04F;ADC;FF3;15A;2
>> E
<<@E=$02AA68;E;12:45;04F;ADC;FF3;15A;2
>> S=$02ABC8
<<@S=$02ABC8
>> S
<<@S=$02ABC8
>> E
<<@E=$02ABC8;E;23:45;04E;ADC;FE3;159;2
>> E
<<@E=$02ABD0;D;2024/12/19,00:00:00+04
>> S=$02BF80
<<@S=$02BF80
>> S
<<@S=$02BF80
>> E
<<@E=$02BF80;E;11:45;04F;ADC;FF3;15E;2
>> E
<<@E=$02BF88;E;12:00;04F;ADC;FF3;15E;2
>> E
<<@E=$02BF90;E;12:15;04F;ADC;FF3;15E;2
>> E
<<@E=$02BF98;E;12:30;04F;ADC;FF3;15E;2
>> E
<<@E=$02BFA0;E;12:45;04F;ADC;FF3;15E;2
>> S=$02C100
<<@S=$02C100
>> S
<<@S=$02C100
>> E
<<@E=$02C100;E;23:45;04E;ADC;FE3;15C;2
>> E
<<@E=$02C108;D;2024/12/26,00:00:00+04
>> F
<<@E=$02C410;D;2024/12/27,00:00:00+04
>> F
<<@E=$02C718;D;2024/12/28,00:00:00+04
>> F
<<@E=$02CA20;D;2024/12/29,00:00:00+04
>> F
<<@E=$02CD28;D;2024/12/30,00:00:00+04
>> F
<<@E=$02D030;D;2024/12/31,00:00:00+04
>> F
<<@E=$02D338;D;2025/01/01,00:00:00+04
>> P
<<@P=$04FA88
>> B
<<@B=$000320
>> S=$02D338
<<@S=$02D338
>> S
<<@S=$02D338
>> D
<<@DD2025010100000004@D000004FADCFF315C2@D001504EADCFE315C2@D003004FADCFF315B2@D004504FADCFF315B2@D010004FADCFF315B2@D011504FADCFF315B2@D013004EADCFE315B2@D014504FADCFF315B2@D020004FADCFF315B2@D021504EADCFE315B2@D023004FADCFF315B2@D024504EADCFE315B2@D030004FADCFF315B2@D031504FADCFF315B2@D033004FADCFF315C2@D034504EADCFE315C2@D040004FADCFF315B2@D041504FADCFF315B2@D043004FADCFF315B2@D044504EADCFE315B2@D050004FADCFF315C2@D051504FADCFF315C2@D053004FADCFF315B2@D054504FADCFF315B2@D060004EADCFE315B2@D061504EADCFE315B2@D063004FADCFF315B2@D064504FADCFF315B2@D070004FADCFF315B2@D071504FADCFF315C2@D073004FADCFF315B2@D074504FADCFF315B2@D080004FADCFF315B2@D081504EADCFE315B2@D083004FADCFF315B2@D084504FADCFF315B2@D090004FADCFF315B2@D091504EADCFE315B2@D093004EADCFE315B2@D094504EADCFE315B2@D100004EADCFE315B2@D101504FADCFF315B2@D103004FADCFF315B2@D104504FADCFF315B2@D110004EADCFE315A2@D111504EADCFE315A2@D113004EADCFE315A2@D114504EADCFE315A2@D120004EADCFE315A2@D121504EADCFE315A2@D123004EADCFE315A2@D124504FADCFF315A2@D130004EADCFE315A2@D131504EADCFE315A2@D133004FADCFF315A2@D134504FADCFF315A2@D140004FADCFF315A2@D141504FADCFF315A2@D143004EADCFE315A2@D144504FADCFF315A2@D150004FADCFF315A2@D151504FADCFF315A2@D153004FADCFF315A2@D154504EADCFE315A2@D160004FADCFF315A2@D161504FADCFF315A2@D163004EADCFE315A2@D164504FADCFF315A2@D170004FADCFF315A2@D171504FADCFF315A2@D173004EADCFE315A2@D174504FADCFF315A2@D180004FADCFF31592@D181504FADCFF31592@D183004FADCFF31592@D184504EADCFE31592@D190004FADCFF31592@D191504FADCFF31592@D193004FADCFF31592@D194504FADCFF31592@D200004EADCFE31592@D201504FADCFF31592@D203004FADCFF31592@D204504FADCFF31592@D210004EADCFE31592@D211504FADCFF31592@D213004FADCFF31592@D214504FADCFF31592@D220004EADCFE31592@D221504EADCFE31592@D223004FADCFF31592@D224504FADCFF31592@D230004EADCFE31592@D231504FADCFF31592@D233004EADCFE31582@D234504FADCFF31592@DD2025010200000004@D000004FADCFF31592@D001504FADCFF31592@D003004EADCFE31592@D004504FADCFF31592@D010004FADCFF31592@D011504FADCFF31592@D013004FADCFF31592@D014504EADCFE31592@D020004FADCFF31592@D021504FADCFF31592@D023004FADCFF31592@D024504EADCFE31592@D030004FADCFF31592@D031504FADCFF31592@D033004FADCFF31592@D034504FADCFF31592@D040004FADCFF31592@D041504EADCFE31592@D043004FADCFF31592@D044504EADCFE315A2@D050004EADCFE31592@D051504FADCFF31592@D053004FADCFF31592@D054504FADCFF31592@D060004FADCFF31592@D061504FADCFF31592@D063004FADCFF31592@D064504EADCFE31592@D070004FADCFF31592@D071504EADCFE31592@D073004FADCFF31592@D074504FADCFF31592@D080004FADCFF315A2@D081504FADCFF31592@D083004EADCFE31592@D084504FADCFF31592@D090004FADCFF31592@D091504EADCFE31592@D093004FADCFF31592@D094504FADCFF31592@D100004FADCFF31592@D101504FADCFF31592@D103004FADCFF31592@D104504EADCFE31592@D110004FADCFF31592@D111504EADCFE31592@D113004FADCFF31592@D114504FADCFF31592@D120004EADCFE31592@D121504FADCFF31592@D123004FADCFF31582@D124504FADCFF31582@D130004FADCFF31582@D131504EADCFE31582@D133004FADCFF31582@D134504FADCFF31582@D140004FADCFF31582@D141504FADCFF31582@D143004FADCFF31582@D144504FADCFF31582@D150004EADCFE31582@D151504EADCFE31582@D153004FADCFF31582@D154504FADCFF31582@D160004FADCFF31582@D161504FADCFF31582@D163004EADCFE31582@D164504FADCFF31582@D170004FADCFF31582@D171504EADCFE31582@D173004EADCFE31582@D174504FADCFF31582@D180004FADCFF31582@D181504FADCFF31582@D183004EADCFE31582@D184504FADCFF31582@D190004FADCFF31582@D191504FADCFF31582@D193004EADCFE31582@D194504EADCFE31582@D200004FADCFF31582@D201504FADCFF31582@D203004FADCFF31582@D204504FADCFF31582@D210004EADCFE31582@D211504FADCFF31582@D213004EADCFE31582@D214504EADCFE31582@D220004FADCFF31582@D221504EADCFE31582@D223004FADCFF31582@D224504FADCFF31582@D230004FADCFF31582@D231504EADCFE31582@D233004FADCFF31582@D234504FADCFF31582@DD2025010300000004@D000004EADCFE31582@D001504FADCFF31582@D003004EADCFE31582@D004504FADCFF31582@D010004FADCFF31582@D011504FADCFF31582@D013004FADCFF31592@D014504FADCFF31592@D020004FADCFF31592@D021504EADCFE315A2@D023004FADCFF31592@D024504EADCFE315A2@D030004EADCFE315A2@D031504FADCFF315A2@D033004FADCFF315A2@D034504FADCFF315A2@D040004FADCFF315A2@D041504FADCFF315A2@D043004FADCFF315A2@D044504EADCFE315A2@D050004EADCFE315A2@D051504FADCFF315A2@D053004FADCFF315A2@D054504EADCFE315A2@D060004EADCFE315A2@D061504EADCFE315A2@D063004EADCFE315A2@D064504EADCFE315A2@D070004FADCFF315A2@D071504EADCFE315A2@D073004FADCFF315A2@D074504FADCFF315A2@D080004FADCFF315A2@D081504EADCFE315A2@D083004FADCFF315B2@D084504EADCFE315A2@D090004EADCFE315A2@D091504EADCFE315A2@D093004FADCFF315B2@D094504EADCFE315B2@D100004FADCFF315B2@D101504FADCFF315B2@D103004EADCFE315B2@D104504EADCFE315B2@D110004FADCFF315B2@D111504FADCFF315A2@D113004FADCFF315A2@D114504EADCFE315A2@D120004EADCFE315B2@D121504FADCFF315B2@D123004FADCFF315B2@D124504FADCFF315A2@D130004EADCFE315A2@D131504EADCFE315A2@D133004FADCFF315A2@D134504FADCFF315A2@D140004FADCFF315A2@D141504EADCFE315A2@D143004EADCFE315A2@D144504EADCFE315A2@D150004FADCFF315A2@D151504FADCFF315A2@D153004FADCFF315A2@D154504FADCFF315A2@D160004FADCFF315A2@D161504FADCFF315A2@D163004FADCFF315A2@D164504FADCFF315A2@D170004EADCFE315A2@D171504FADCFF315A2@D173004EADCFE315A2@D174504FADCFF315A2@D180004EADCFE315A2@D181504FADCFF315A2@D183004FADCFF315A2@D184504FADCFF315A2@D190004FADCFF315A2@D191504FADCFF315A2@D193004EADCFE315A2@D194504FADCFF315A2@D200004FADCFF315A2@D201504FADCFF315A2@D203004FADCFF315A2@D204504EADCFE315A2@D210004FADCFF315A2@D211504FADCFF315A2@D213004FADCFF315A2@D214504FADCFF315A2@D220004FADCFF315A2@D221504EADCFE315A2@D223004FADCFF315A2@D224504FADCFF315A2@D230004FADCFF315A2@D231504EADCFE315A2@D233004EADCFE315A2@D234504EADCFE315A2@DD2025010400000004@D000004FADCFF315A2@D001504FADCFF315A2@D003004EADCFE315A2@D004504FADCFF315A2@D010004FADCFF315B2@D011504FADCFF315B2@D013004EADCFE315B2@D014504FADCFF315B2@D020004EADCFE315B2@D021504EADCFE315B2@D023004FADCFF315B2@D024504EADCFE315B2@D030004FADCFF315B2@D031504FADCFF315C2@D033004FADCFF315C2@D034504FADCFF315C2@D040004EADCFE315C2@D041504EADCFE315C2@D043004EADCFE315C2@D044504FADCFF315C2@D050004FADCFF315C2@D051504FADCFF315C2@D053004FADCFF315C2@D054504FADCFF315C2@D060004FADCFF315C2@D061504FADCFF315C2@D063004EADCFE315C2@D064504EADCFE315C2@D070004FADCFF315C2@D071504EADCFE315C2@D073004EADCFE315C2@D074504FADCFF315C2@D080004EADCFE315C2@D081504FADCFF315C2@D083004FADCFF315C2@D084504FADCFF315C2@D090004FADCFF315C2@D091504EADCFE315C2@D093004FADCFF315C2@D094504EADCFE315C2@D100004EADCFE315C2@D101504EADCFE315C2@D103004FADCFF315C2@D104504FADCFF315C2@D110004FADCFF315C2@D111504FADCFF315C2@D113004FADCFF315C2@D114504FADCFF315C2@D120004FADCFF315C2@D121504FADCFF315C2@D123004EADCFE315C2@D124504EADCFE315C2@D130004FADCFF315C2@D131504FADCFF315C2@D133004FADCFF315C2@D134504FADCFF315C2@D140004FADCFF315C2@D141504FADCFF315C2@D143004EADCFE315C2@D144504FADCFF315C2@D150004FADCFF315C2@D151504FADCFF315C2@D153004EADCFE315C2@D154504EADCFE315C2@D160004FADCFF315B2@D161504FADCFF315B2@D163004EADCFE315C2@D164504FADCFF315C2@D170004FADCFF315B2@D171504EADCFE315B2@D173004EADCFE315B2@D174504FADCFF315B2@D180004FADCFF315B2@D181504EADCFE315B2@D183004EADCFE315B2@D184504FADCFF315B2@D190004FADCFF315A2@D191504FADCFF315A2@D193004FADCFF315B2@D194504EADCFE315A2@D200004EADCFE315A2@D201504FADCFF315A2@D203004FADCFF315A2@D204504FADCFF315A2@D210004FADCFF315A2@D211504EADCFE315A2@D213004FADCFF315A2@D214504EADCFE315A2@D220004EADCFE315A2@D221504EADCFE315A2@D223004FADCFF315A2@D224504FADCFF315A2@D230004FADCFF315A2@D231504FADCFF315A2@D233004EADCFE315A2@D234504FADCFF315A2@DD2025010500000004@D000004FADCFF315A2@D001504FADCFF315A2@D003004FADCFF315A2@D004504FADCFF315A2@D010004FADCFF315A2@D011504FADCFF315A2@D013004EADCFE315A2@D014504FADCFF315A2@D020004EADCFE315A2@D021504FADCFF315A2@D023004FADCFF315A2@D024504EADCFE315A2@D030004FADCFF315A2@D031504FADCFF315A2@D033004FADCFF315A2@D034504FADCFF315A2@D040004FADCFF315A2@D041504EADCFE315A2@D043004FADCFF315A2@D044504EADCFE315A2@D050004FADCFF315A2@D051504EADCFE315A2@D053004FADCFF315A2@D054504EADCFE315A2@D060004FADCFF315A2@D061504FADCFF315A2@D063004FADCFF315A2@D064504EADCFE315A2@D070004FADCFF315A2@D071504FADCFF315A2@D073004FADCFF315A2@D074504FADCFF315A2@D080004EADCFE315A2@D081504EADCFE315A2@D083004EADCFE315A2@D084504FADCFF315A2@D090004FADCFF315A2@D091504FADCFF315A2@D093004FADCFF315A2@D094504FADCFF315A2@D100004FADCFF315A2@D101504FADCFF315A2@D103004FADCFF315A2@D104504FADCFF315A2@D110004FADCFF315A2@D111504EADCFE315A2@D113004FADCFF315A2@D114504FADCFF315A2@D120004EADCFE315A2@D121504FADCFF315A2@D123004FADCFF315A2@D124504FADCFF315A2@D130004FADCFF315A2@D131504EADCFE315A2@D133004EADCFE315A2@D134504FADCFF31592@D140004EADCFE31592@D141504FADCFF31592@D143004FADCFF31592@D144504FADCFF31592@D150004FADCFF31592@D151504EADCFE31592@D153004FADCFF31592@D154504EADCFE31582@D160004FADCFF31582@D161504FADCFF31582@D163004FADCFF31582@D164504EADCFE31582@D170004FADCFF31582@D171504FADCFF31582@D173004EADCFE31582@D174504FADCFF31582@D180004FADCFF31582@D181504EADCFE31582@D183004FADCFF31582@D184504EADCFE31582@D190004FADCFF31582@D191504EADCFE31582@D193004EADCFE31582@D194504FADCFF31582@D200004EADCFE31582@D201504FADCFF31582@D203004FADCFF31582@D204504FADCFF31582@D210004EADCFE31582@D211504FADCFF31582@D213004FADCFF31582@D214504FADCFF31582@D220004FADCFF31582@D221504EADCFE31582@D223004FADCFF31582@D224504FADCFF31582@D230004FADCFF31582@D231504FADCFF31582@D233004FADCFF31582@D234504FADCFF31582@DD2025010600000004@D000004FADCFF31582@D001504FADCFF31582@D003004FADCFF31582@D004504FADCFF31582@D010004EADCFE31582@D011504EADCFE31582@D013004FADCFF31582@D014504FADCFF31582@D020004FADCFF31582@D021504FADCFF31582@D023004EADCFE31582@D024504FADCFF31582@D030004FADCFF31582@D031504EADCFE31582@D033004EADCFE31582@D034504FADCFF31582@D040004EADCFE31582@D041504FADCFF31582@D043004EADCFE31582@D044504EADCFE31582@D050004FADCFF31582@D051504FADCFF31582@D053004EADCFE31582@D054504FADCFF31582@D060004EADCFE31582@D061504FADCFF31582@D063004FADCFF31582@D064504EADCFE31582@D070004EADCFE31582@D071504EADCFE31582@D073004EADCFE31582@D074504FADCFF31582@D080004FADCFF31582@D081504FADCFF31582@D083004FADCFF31582@D084504FADCFF31582@D090004FADCFF31582@D091504FADCFF31582@D093004EADCFE31582@D094504EADCFE31582@D100004EADCFE31582@D101504FADCFF31582@D103004EADCFE31582@D104504FADCFF31582@D110004FADCFF31582@D111504FADCFF31582@D113004FADCFF31582@D114504FADCFF31582@D120004FADCFF31582@D121504EADCFE31582@D123004EADCFE31582@D124504FADCFF31582@D130004EADCFE31582@D131504FADCFF31582@D133004FADCFF31582@D134504FADCFF31582@D140004FADCFF31582@D141504FADCFF31582@D143004FADCFF31582@D144504FADCFF31582@D150004EADCFE31582@D151504FADCFF31582@D153004FADCFF31572@D154504FADCFF31572@D160004FADCFF31582@D161504EADCFE31582@D163004FADCFF31572@D164504EADCFE31572@D170004FADCFF31572@D171504FADCFF31572@D173004FADCFF31562@D174504FADCFF31562@D180004FADCFF31562@D181504FADCFF31562@D183004EADCFE31562@D184504EADCFE31562@D190004FADCFF31562@D191504EADCFE31562@D193004EADCFE31562@D194504FADCFF31562@D200004EADCFE31562@D201504EADCFE31562@D203004FADCFF31562@D204504EADCFE31562@D210004EADCFE31562@D211504FADCFF31562@D213004EADCFE31562@D214504FADCFF31562@D220004FADCFF31562@D221504FADCFF31562@D223004EADCFE31562@D224504EADCFE31562@D230004FADCFF31562@D231504EADCFE31562@D233004FADCFF31562@D234504EADCFE31562@E=$02E568;D;2025/01/07,00:00:00+04
>> D
<<@D000004FADCFF31562@D001504EADCFE31562@D003004EADCFE31562@D004504FADCFF31562@D010004FADCFF31562@D011504FADCFF31562@D013004EADCFE31562@D014504EADCFE31562@D020004EADCFE31562@D021504FADCFF31562@D023004FADCFF31562@D024504FADCFF31562@D030004EADCFE31562@D031504FADCFF31562@D033004FADCFF31562@D034504EADCFE31562@D040004FADCFF31562@D041504FADCFF31562@D043004FADCFF31562@D044504EADCFE31562@D050004FADCFF31562@D051504EADCFE31562@D053004FADCFF31562@D054504FADCFF31562@D060004EADCFE31562@D061504EADCFE31562@D063004FADCFF31562@D064504FADCFF31562@D070004FADCFF31562@D071504FADCFF31562@D073004FADCFF31562@D074504FADCFF31562@D080004FADCFF31562@D081504FADCFF31562@D083004EADCFE31562@D084504FADCFF31562@D090004EADCFE31562@D091504EADCFE31562@D093004FADCFF31562@D094504FADCFF31562@D100004EADCFE31562@D101504EADCFE31562@D103004FADCFF31562@D104504FADCFF31562@D110004EADCFE31562@D111504FADCFF31562@D113004EADCFE31562@D114504EADCFE31562@D120004EADCFE31562@D121504EADCFE31562@D123004FADCFF31562@D124504FADCFF31562@D130004FADCFF31562@D131504FADCFF31562@D133004FADCFF31562@D134504FADCFF31562@D140004FADCFF31562@D141504FADCFF31562@D143004FADCFF31562@D144504EADCFE31562@D150004EADCFE31562@D151504FADCFF31562@D153004FADCFF31562@D154504FADCFF31562@D160004EADCFE31562@D161504FADCFF31562@D163004FADCFF31562@D164504EADCFE31562@D170004FADCFF31562@D171504FADCFF31562@D173004FADCFF31552@D174504FADCFF31552@D180004FADCFF31552@D181504EADCFE31552@D183004FADCFF31552@D184504FADCFF31552@D190004FADCFF31552@D191504FADCFF31552@D193004FADCFF31552@D194504FADCFF31552@D200004FADCFF31552@D201504FADCFF31552@D203004FADCFF31552@D204504EADCFE31552@D210004EADCFE31552@D211504EADCFE31552@D213004FADCFF31552@D214504EADCFE31552@D220004EADCFE31552@D221504FADCFF31552@D223004FADCFF31552@D224504FADCFF31552@D230004FADCFF31552@D231504FADCFF31552@D233004EADCFE31552@D234504FADCFF31552@DD2025010800000004@D000004FADCFF31552@D001504FADCFF31552@D003004FADCFF31562@D004504FADCFF31552@D010004FADCFF31552@D011504EADCFE31552@D013004EADCFE31552@D014504FADCFF31562@D020004FADCFF31552@D021504EADCFE31552@D023004EADCFE31552@D024504EADCFE31552@D030004FADCFF31552@D031504EADCFE31552@D033004EADCFE31552@D034504FADCFF31552@D040004FADCFF31552@D041504FADCFF31552@D043004FADCFF31552@D044504FADCFF31552@D050004EADCFE31552@D051504FADCFF31552@D053004FADCFF31552@D054504EADCFE31552@D060004EADCFE31552@D061504FADCFF31552@D063004EADCFE31552@D064504FADCFF31542@D070004FADCFF31552@D071504EADCFE31552@D073004EADCFE31552@D074504FADCFF31552@D080004EADCFE31552@D081504FADCFF31552@D083004EADCFE31552@D084504FADCFF31552@D090004EADCFE31552@D091504EADCFE31552@D093004EADCFE31552@D094504EADCFE31552@D100004EADCFE31552@D101504FADCFF31552@D103004EADCFE31552@D104504FADCFF31552@D110004FADCFF31552@D111504FADCFF31552@D113004FADCFF31552@D114504FADCFF31552@D120004FADCFF31552@D121504FADCFF31552@D123004EADCFE31552@D124504EADCFE31552@D130004EADCFE31552@D131504FADCFF31552@D133004FADCFF31552@D134504EADCFE31552@D140004FADCFF31552@D141504FADCFF31552@D143004FADCFF31552@D144504FADCFF31552@D150004FADCFF31552@D151504FADCFF31542@D153004EADCFE31542@D154504FADCFF31542@D160004EADCFE31552@D161504FADCFF31542@D163004FADCFF31542@D164504EADCFE31542@D170004FADCFF31542@D171504FADCFF31542@D173004FADCFF31542@D174504FADCFF31542@D180004FADCFF31542@D181504EADCFE31542@D183004FADCFF31542@D184504EADCFE31542@D190004EADCFE31542@D191504EADCFE31542@D193004FADCFF31542@D194504EADCFE31542@D200004FADCFF31542@D201504FADCFF31542@D203004FADCFF31542@D204504EADCFE31542@D210004FADCFF31542@D211504FADCFF31542@D213004EADCFE31542@D214504FADCFF31542@D220004EADCFE31542@D221504EADCFE31542@D223004EADCFE31542@D224504EADCFE31542@D230004FADCFF31542@D231504EADCFE31542@D233004EADCFE31542@D234504FADCFF31542@DD2025010900000004@D000004EADCFE31542@D001504EADCFE31542@D003004EADCFE31542@D004504FADCFF31542@D010004FADCFF31542@D011504FADCFF31542@D013004EADCFE31542@D014504FADCFF31542@D020004EADCFE31542@D021504EADCFE31542@D023004FADCFF31542@D024504FADCFF31542@D030004FADCFF31542@D031504EADCFE31542@D033004EADCFE31542@D034504FADCFF31542@D040004FADCFF31542@D041504FADCFF31542@D043004EADCFE31542@D044504FADCFF31542@D050004FADCFF31542@D051504EADCFE31542@D053004FADCFF31542@D054504FADCFF31542@D060004FADCFF31542@D061504EADCFE31542@D063004FADCFF31542@D064504FADCFF31542@D070004FADCFF31542@D071504EADCFE31542@D073004EADCFE31542@D074504FADCFF31542@D080004FADCFF31542@D081504EADCFE31542@D083004FADCFF31542@D084504FADCFF31542@D090004FADCFF31542@D091504FADCFF31542@D093004EADCFE31542@D094504FADCFF31542@D100004EADCFE31542@D101504EADCFE31542@D103004EADCFE31542@D104504FADCFF31542@D110004FADCFF31542@D111504FADCFF31542@D113004EADCFE31542@D114504FADCFF31542@D120004FADCFF31542@D121504FADCFF31542@D123004FADCFF31542@D124504FADCFF31542@D130004EADCFE31542@D131504FADCFF31542@D133004EADCFE31542@D134504EADCFE31542@D140004FADCFF31542@D141504EADCFE31542@D143004FADCFF31542@D144504FADCFF31542@D150004EADCFE31542@D151504FADCFF31542@D153004FADCFF31542@D154504EADCFE31542@D160004EADCFE31542@D161504EADCFE31542@D163004FADCFF31542@D164504FADCFF31542@D170004EADCFE31542@D171504FADCFF31542@D173004FADCFF31542@D174504EADCFE31542@D180004FADCFF31542@D181504FADCFF31542@D183004FADCFF31542@D184504EADCFE31542@D190004EADCFE31542@D191504FADCFF31542@D193004FADCFF31542@D194504EADCFE31542@D200004FADCFF31542@D201504EADCFE31542@D203004FADCFF31542@D204504FADCFF31542@D210004FADCFF31542@D211504EADCFE31542@D213004FADCFF31542@D214504FADCFF31542@D220004FADCFF31542@D221504EADCFE31552@D223004FADCFF31552@D224504FADCFF31552@D230004FADCFF31552@D231504EADCFE31552@D233004FADCFF31542@D234504EADCFE31552@DD2025011000000004@D000004FADCFF31552@D001504FADCFF31552@D003004FADCFF31552@D004504EADCFE31552@D010004FADCFF31552@D011504EADCFE31552@D013004FADCFF31552@D014504FADCFF31552@D020004EADCFE31552@D021504FADCFF31552@D023004FADCFF31552@D024504FADCFF31562@D030004EADCFE31552@D031504FADCFF31552@D033004FADCFF31552@D034504EADCFE31552@D040004EADCFE31552@D041504FADCFF31562@D043004FADCFF31552@D044504EADCFE31552@D050004FADCFF31562@D051504EADCFE31562@D053004FADCFF31562@D054504FADCFF31562@D060004FADCFF31562@D061504FADCFF31562@D063004FADCFF31562@D064504EADCFE31562@D070004EADCFE31562@D071504FADCFF31562@D073004EADCFE31562@D074504FADCFF31562@D080004EADCFE31562@D081504FADCFF31562@D083004EADCFE31562@D084504EADCFE31562@D090004FADCFF31562@D091504FADCFF31562@D093004FADCFF31562@D094504EADCFE31562@D100004EADCFE31562@D101504FADCFF31562@D103004FADCFF31562@D104504EADCFE31562@D110004EADCFE31562@D111504EADCFE31562@D113004FADCFF31562@D114504FADCFF31562@D120004EADCFE31552@D121504EADCFE31552@D123004EADCFE31552@D124504FADCFF31552@D130004FADCFF31552@D131504FADCFF31552@D133004EADCFE31552@D134504EADCFE31552@D140004FADCFF31542@D141504FADCFF31552@D143004EADCFE31542@D144504FADCFF31542@D150004EADCFE31542@D151504FADCFF31542@D153004FADCFF31542@D154504FADCFF31542@D160004FADCFF31542@D161504FADCFF31542@D163004FADCFF31542@D164504FADCFF31542@D170004FADCFF31542@D171504EADCFE31542@D173004FADCFF31542@D174504FADCFF31542@D180004EADCFE31542@D181504FADCFF31542@D183004FADCFF31542@D184504FADCFF31542@D190004FADCFF31542@D191504FADCFF31542@D193004FADCFF31542@D194504FADCFF31542@D200004FADCFF31542@D201504EADCFE31542@D203004EADCFE31532@D204504FADCFF31542@D210004FADCFF31542@D211504EADCFE31542@D213004EADCFE31542@D214504FADCFF31542@D220004FADCFF31542@D221504FADCFF31542@D223004FADCFF31542@D224504EADCFE31532@D230004FADCFF31542@D231504FADCFF31542@D233004FADCFF31542@D234504EADCFE31532@DD2025011100000004@D000004EADCFE31532@D001504EADCFE31532@D003004EADCFE31532@D004504FADCFF31532@D010004FADCFF31532@D011504FADCFF31532@D013004FADCFF31532@D014504EADCFE31532@D020004FADCFF31532@D021504FADCFF31532@D023004FADCFF31532@D024504FADCFF31532@D030004FADCFF31532@D031504FADCFF31532@D033004FADCFF31532@D034504FADCFF31532@D040004FADCFF31532@D041504FADCFF31532@D043004FADCFF31532@D044504EADCFE31532@D050004FADCFF31542@D051504FADCFF31542@D053004FADCFF31542@D054504EADCFE31542@D060004FADCFF31542@D061504FADCFF31542@D063004FADCFF31542@D064504FADCFF31542@D070004FADCFF31542@D071504FADCFF31542@D073004FADCFF31542@D074504EADCFE31542@D080004FADCFF31542@D081504FADCFF31542@D083004EADCFE31542@D084504FADCFF31542@D090004FADCFF31542@D091504FADCFF31542@D093004FADCFF31542@D094504FADCFF31542@D100004FADCFF31542@D101504EADCFE31542@D103004FADCFF31542@D104504FADCFF31542@D110004FADCFF31542@D111504EADCFE31542@D113004EADCFE31542@D114504EADCFE31542@D120004FADCFF31542@D121504EADCFE31542@D123004EADCFE31532@D124504EADCFE31532@D130004FADCFF31542@D131504FADCFF31542@D133004FADCFF31532@D134504FADCFF31532@D140004FADCFF31532@D141504FADCFF31532@D143004EADCFE31532@D144504FADCFF31532@D150004EADCFE31532@D151504FADCFF31532@D153004FADCFF31532@D154504EADCFE31532@D160004FADCFF31532@D161504FADCFF31522@D163004EADCFE31532@D164504EADCFE31532@D170004FADCFF31532@D171504FADCFF31532@D173004EADCFE31522@D174504EADCFE31522@D180004EADCFE31522@D181504FADCFF31522@D183004FADCFF31522@D184504FADCFF31522@D190004FADCFF31522@D191504FADCFF31522@D193004EADCFE31522@D194504FADCFF31522@D200004FADCFF31522@D201504FADCFF31522@D203004EADCFE31522@D204504FADCFF31522@D210004EADCFE31522@D211504EADCFE31522@D213004EADCFE31522@D214504FADCFF31522@D220004FADCFF31522@D221504FADCFF31522@D223004FADCFF31522@D224504EADCFE31522@D230004EADCFE31522@D231504FADCFF31522@D233004FADCFF31522@D234504FADCFF31522@DD2025011200000004@D000004EADCFE31522@D001504FADCFF31512@D003004FADCFF31512@D004504EADCFE31512@D010004EADCFE31512@D011504FADCFF31512@D013004FADCFF31502@D014504EADCFE31512@D020004FADCFF31502@D021504FADCFF31502@D023004EADCFE31502@D024504FADCFF31502@D030004EADCFE31502@D031504FADCFF31502@D033004EADCFE31502@D034504FADCFF31502@D040004FADCFF31502@D041504EADCFE31502@D043004FADCFF31502@D044504EADCFE31502@D050004EADCFE31502@D051504FADCFF31502@D053004EADCFE31502@D054504EADCFE31502@D060004EADCFE31502@D061504FADCFF31502@D063004FADCFF31502@D064504EADCFE31502@D070004FADCFF31502@D071504FADCFF31502@D073004FADCFF31502@D074504EADCFE31502@D080004FADCFF31502@D081504FADCFF31502@D083004FADCFF31502@D084504FADCFF31502@D090004EADCFE31502@D091504FADCFF31502@D093004FADCFF31502@D094504FADCFF31502@D100004EADCFE31512@D101504FADCFF31512@D103004FADCFF31512@D104504FADCFF31512@D110004FADCFF31512@D111504FADCFF31512@D113004FADCFF31512@D114504FADCFF31512@D120004EADCFE31512@D121504EADCFE31512@D123004FADCFF31522@D124504FADCFF31522@D130004FADCFF31522@D131504FADCFF31522@D133004FADCFF31522@D134504FADCFF31522@D140004FADCFF31522@D141504EADCFE31522@D143004EADCFE31522@D144504EADCFE31522@D150004FADCFF31522@D151504FADCFF31522@D153004FADCFF31522@D154504EADCFE31522@D160004FADCFF31522@D161504EADCFE31522@D163004FADCFF31522@D164504EADCFE31522@D170004FADCFF31522@D171504FADCFF31522@D173004FADCFF31522@D174504EADCFE31522@D180004FADCFF31522@D181504FADCFF31522@D183004FADCFF31522@D184504EADCFE31522@D190004EADCFE31522@D191504FADCFF31522@D193004FADCFF31522@D194504FADCFF31522@D200004FADCFF31522@D201504EADCFE31522@D203004EADCFE31522@D204504FADCFF31522@D210004FADCFF31522@D211504FADCFF31522@D213004FADCFF31522@D214504FADCFF31522@D220004EADCFE31522@D221504FADCFF31522@D223004FADCFF31522@D224504FADCFF31522@D230004EADCFE31522@D231504FADCFF31522@D233004FADCFF31522@D234504FADCFF31522@E=$02F798;D;2025/01/13,00:00:00+04
>> D
<<@D000004FADCFF31522@D001504FADCFF31522@D003004FADCFF31522@D004504FADCFF31522@D010004FADCFF31522@D011504FADCFF31522@D013004EADCFE31532@D014504FADCFF31532@D020004FADCFF31532@D021504FADCFF31532@D023004FADCFF31532@D024504FADCFF31532@D030004FADCFF31542@D031504EADCFE31542@D033004FADCFF31542@D034504EADCFE31542@D040004EADCFE31542@D041504EADCFE31542@D043004FADCFF31542@D044504EADCFE31542@D050004FADCFF31542@D051504FADCFF31542@D053004FADCFF31542@D054504FADCFF31542@D060004FADCFF31542@D061504EADCFE31542@D063004FADCFF31542@D064504FADCFF31542@D070004FADCFF31542@D071504EADCFE31542@D073004FADCFF31542@D074504FADCFF31542@D080004EADCFE31542@D081504FADCFF31542@D083004FADCFF31552@D084504EADCFE31552@D090004FADCFF31552@D091504FADCFF31552@D093004FADCFF31552@D094504FADCFF31552@D100004FADCFF31552@D101504FADCFF31552@D103004EADCFE31552@D104504FADCFF31552@D110004FADCFF31552@D111504FADCFF31552@D113004EADCFE31552@D114504FADCFF31552@D120004FADCFF31552@D121504EADCFE31552@D123004FADCFF31552@D124504FADCFF31552@D130004FADCFF31562@D131504EADCFE31552@D133004EADCFE31562@D134504FADCFF31552@D140004FADCFF31562@D141504FADCFF31562@D143004FADCFF31562@D144504FADCFF31562@D150004FADCFF31562@D151504EADCFE31552@D153004EADCFE31552@D154504FADCFF31562@D160004FADCFF31562@D161504FADCFF31552@D163004EADCFE31552@D164504FADCFF31552@D170004FADCFF31562@D171504FADCFF31552@D173004FADCFF31562@D174504EADCFE31562@D180004EADCFE31552@D181504EADCFE31552@D183004EADCFE31562@D184504FADCFF31552@D190004FADCFF31552@D191504FADCFF31552@D193004FADCFF31552@D194504FADCFF31552@D200004EADCFE31552@D201504FADCFF31552@D203004FADCFF31552@D204504EADCFE31552@D210004FADCFF31562@D211504FADCFF31552@D213004EADCFE31552@D214504FADCFF31552@D220004FADCFF31552@D221504FADCFF31562@D223004EADCFE31562@D224504EADCFE31562@D230004FADCFF31562@D231504FADCFF31562@D233004EADCFE31562@D234504EADCFE31562@DD2025011400000004@D000004EADCFE31562@D001504FADCFF31562@D003004FADCFF31562@D004504EADCFE31562@D010004EADCFE31562@D011504FADCFF31562@D013004FADCFF31562@D014504FADCFF31562@D020004FADCFF31562@D021504FADCFF31562@D023004FADCFF31562@D024504FADCFF31562@D030004FADCFF31562@D031504FADCFF31562@D033004FADCFF31562@D034504FADCFF31562@D040004FADCFF31562@D041504FADCFF31562@D043004FADCFF31562@D044504FADCFF31562@D050004FADCFF31562@D051504EADCFE31562@D053004FADCFF31562@D054504FADCFF31562@D060004EADCFE31562@D061504EADCFE31562@D063004FADCFF31562@D064504FADCFF31562@D070004FADCFF31562@D071504FADCFF31562@D073004FADCFF31562@D074504FADCFF31562@D080004FADCFF31562@D081504FADCFF31562@D083004FADCFF31562@D084504FADCFF31562@D090004FADCFF31562@D091504EADCFE31562@D093004EADCFE31562@D094504FADCFF31562@D100004FADCFF31562@D101504FADCFF31562@D103004FADCFF31562@D104504FADCFF31562@D110004EADCFE31562@D111504EADCFE31562@D113004FADCFF31562@D114504EADCFE31562@D120004EADCFE31562@D121504FADCFF31562@D123004FADCFF31562@D124504FADCFF31562@D130004EADCFE31562@D131504EADCFE31562@D133004EADCFE31552@D134504EADCFE31552@D140004FADCFF31552@D141504FADCFF31552@D143004FADCFF31552@D144504EADCFE31552@D150004FADCFF31552@D151504FADCFF31542@D153004EADCFE31542@D154504EADCFE31542@D160004EADCFE31542@D161504FADCFF31542@D163004FADCFF31542@D164504FADCFF31542@D170004FADCFF31542@D171504EADCFE31542@D173004EADCFE31542@D174504EADCFE31542@D180004FADCFF31542@D181504EADCFE31542@D183004EADCFE31542@D184504FADCFF31542@D190004FADCFF31542@D191504FADCFF31542@D193004EADCFE31542@D194504FADCFF31542@D200004FADCFF31542@D201504FADCFF31542@D203004FADCFF31542@D204504FADCFF31532@D210004FADCFF31532@D211504FADCFF31532@D213004FADCFF31532@D214504FADCFF31532@D220004FADCFF31532@D221504FADCFF31532@D223004EADCFE31532@D224504EADCFE31532@D230004FADCFF31522@D231504FADCFF31522@D233004FADCFF31522@D234504FADCFF31522@DD2025011500000004@D000004FADCFF31522@D001504FADCFF31522@D003004EADCFE31522@D004504FADCFF31522@D010004FADCFF31522@D011504EADCFE31522@D013004EADCFE31522@D014504FADCFF31522@D020004FADCFF31522@D021504EADCFE31522@D023004FADCFF31522@D024504FADCFF31522@D030004FADCFF31522@D031504FADCFF31522@D033004FADCFF31522@D034504EADCFE31532@D040004FADCFF31532@D041504EADCFE31532@D043004FADCFF31532@D044504FADCFF31532@D050004FADCFF31542@D051504FADCFF31532@D053004FADCFF31542@D054504EADCFE31542@D060004FADCFF31542@D061504EADCFE31542@D063004FADCFF31532@D064504FADCFF31532@D070004FADCFF31542@D071504EADCFE31542@D073004EADCFE31542@D074504EADCFE31542@D080004FADCFF31542@D081504EADCFE31542@D083004FADCFF31542@D084504FADCFF31532@D090004FADCFF31542@D091504EADCFE31542@D093004EADCFE31532@D094504FADCFF31532@D100004FADCFF31532@D101504EADCFE31532@D103004FADCFF31532@D104504FADCFF31532@D110004FADCFF31542@D111504EADCFE31532@D113004FADCFF31532@D114504FADCFF31532@D120004FADCFF31522@D121504FADCFF31522@D123004FADCFF31522@D124504FADCFF31522@D130004FADCFF31522@D131504EADCFE31522@D133004FADCFF31522@D134504FADCFF31522@D140004FADCFF31522@D141504FADCFF31522@D143004EADCFE31522@D144504EADCFE31522@D150004FADCFF31522@D151504FADCFF31522@D153004FADCFF31522@D154504FADCFF31522@D160004FADCFF31522@D161504FADCFF31522@D163004FADCFF31522@D164504EADCFE31522@D170004FADCFF31522@D171504EADCFE31522@D173004FADCFF31522@D174504FADCFF31522@D180004EADCFE31522@D181504FADCFF31522@D183004EADCFE31522@D184504EADCFE31522@D190004FADCFF31522@D191504EADCFE31522@D193004FADCFF31522@D194504FADCFF31512@D200004FADCFF31512@D201504EADCFE31512@D203004FADCFF31522@D204504FADCFF31512@D210004EADCFE31512@D211504FADCFF31512@D213004FADCFF31512@D214504FADCFF31512@D220004FADCFF31512@D221504FADCFF31512@D223004EADCFE31502@D224504FADCFF31502@D230004FADCFF31502@D231504FADCFF31512@D233004FADCFF31512@D234504FADCFF31512@DD2025011600000004@D000004EADCFE31502@D001504EADCFE31502@D003004FADCFF31502@D004504FADCFF31502@D010004FADCFF31502@D011504FADCFF31502@D013004FADCFF31502@D014504EADCFE31502@D020004FADCFF31502@D021504FADCFF31502@D023004FADCFF31502@D024504FADCFF31502@D030004FADCFF31512@D031504FADCFF31512@D033004EADCFE31512@D034504FADCFF31512@D040004FADCFF31512@D041504FADCFF31512@D043004FADCFF31512@D044504FADCFF31512@D050004FADCFF31522@D051504FADCFF31522@D053004FADCFF31522@D054504FADCFF31522@D060004FADCFF31522@D061504EADCFE31522@D063004FADCFF31522@D064504FADCFF31522@D070004EADCFE31522@D071504EADCFE31522@D073004FADCFF31522@D074504FADCFF31522@D080004FADCFF31522@D081504FADCFF31522@D083004EADCFE31522@D084504FADCFF31522@D090004FADCFF31522@D091504FADCFF31522@D093004FADCFF31522@D094504FADCFF31522@D100004FADCFF31522@D101504FADCFF31522@D103004EADCFE31522@D104504EADCFE31522@D110004FADCFF31522@D111504EADCFE31522@D113004EADCFE31522@D114504FADCFF31532@D120004FADCFF31532@D121504EADCFE31532@D123004FADCFF31532@D124504FADCFF31532@D130004FADCFF31532@D131504FADCFF31532@D133004EADCFE31532@D134504FADCFF31532@D140004EADCFE31532@D141504FADCFF31532@D143004EADCFE31522@D144504FADCFF31522@D150004FADCFF31522@D151504FADCFF31522@D153004EADCFE31522@D154504FADCFF31522@D160004FADCFF31522@D161504FADCFF31522@D163004FADCFF31522@D164504FADCFF31522@D170004EADCFE31522@D171504FADCFF31522@D173004EADCFE31522@D174504FADCFF31522@D180004EADCFE31522@D181504EADCFE31522@D183004FADCFF31522@D184504FADCFF31522@D190004FADCFF31522@D191504FADCFF31522@D193004FADCFF31522@D194504FADCFF31522@D200004FADCFF31522@D201504EADCFE31522@D203004FADCFF31522@D204504EADCFE31522@D210004EADCFE31522@D211504FADCFF31522@D213004EADCFE31522@D214504EADCFE31522@D220004FADCFF31522@D221504FADCFF31522@D223004FADCFF31522@D224504EADCFE31522@D230004FADCFF31522@D231504FADCFF31522@D233004FADCFF31522@D234504FADCFF31522@DD2025011700000004@D000004FADCFF31522@D001504FADCFF31522@D003004EADCFE31522@D004504FADCFF31522@D010004FADCFF31522@D011504EADCFE31522@D013004EADCFE31522@D014504FADCFF31522@D020004EADCFE31522@D021504FADCFF31522@D023004FADCFF31522@D024504FADCFF31522@D030004FADCFF31522@D031504FADCFF31522@D033004FADCFF31522@D034504FADCFF31522@D040004EADCFE31522@D041504FADCFF31522@D043004FADCFF31522@D044504EADCFE31532@D050004FADCFF31532@D051504EADCFE31532@D053004EADCFE31532@D054504FADCFF31532@D060004FADCFF31532@D061504FADCFF31542@D063004FADCFF31542@D064504FADCFF31542@D070004FADCFF31542@D071504FADCFF31542@D073004EADCFE31542@D074504FADCFF31542@D080004EADCFE31542@D081504FADCFF31542@D083004EADCFE31542@D084504EADCFE31542@D090004FADCFF31542@D091504EADCFE31542@D093004FADCFF31542@D094504FADCFF31542@D100004FADCFF31542@D101504FADCFF31542@D103004FADCFF31542@D104504FADCFF31542@D110004EADCFE31542@D111504EADCFE31542@D113004FADCFF31542@D114504FADCFF31542@D120004EADCFE31542@D121504EADCFE31542@D123004FADCFF31542@D124504EADCFE31542@D130004FADCFF31552@D131504FADCFF31552@D133004FADCFF31552@D134504FADCFF31552@D140004FADCFF31552@D141504EADCFE31552@D143004EADCFE31552@D144504FADCFF31552@D150004FADCFF31552@D151504EADCFE31552@D153004FADCFF31552@D154504FADCFF31562@D160004FADCFF31562@D161504EADCFE31562@D163004FADCFF31552@D164504EADCFE31562@D170004FADCFF31562@D171504FADCFF31562@D173004FADCFF31562@D174504EADCFE31562@D180004FADCFF31562@D181504FADCFF31562@D183004FADCFF31562@D184504EADCFE31562@D190004EADCFE31562@D191504FADCFF31562@D193004EADCFE31562@D194504FADCFF31562@D200004FADCFF31562@D201504FADCFF31562@D203004EADCFE31572@D204504FADCFF31572@D210004FADCFF31572@D211504EADCFE31572@D213004FADCFF31572@D214504FADCFF31572@D220004EADCFE31572@D221504FADCFF31572@D223004EADCFE31582@D224504FADCFF31582@D230004FADCFF31582@D231504FADCFF31582@D233004FADCFF31582@D234504FADCFF31582@DD2025011800000004@D000004FADCFF31582@D001504FADCFF31582@D003004FADCFF31582@D004504FADCFF31582@D010004FADCFF31582@D011504FADCFF31582@D013004EADCFE31582@D014504FADCFF31582@D020004EADCFE31582@D021504EADCFE31582@D023004FADCFF31582@D024504EADCFE31582@D030004FADCFF31582@D031504EADCFE31582@D033004FADCFF31582@D034504EADCFE31582@D040004FADCFF31582@D041504FADCFF31582@D043004FADCFF31582@D044504EADCFE31582@D050004FADCFF31582@D051504FADCFF31582@D053004FADCFF31582@D054504EADCFE31582@D060004FADCFF31582@D061504EADCFE31582@D063004FADCFF31582@D064504FADCFF31582@D070004EADCFE31582@D071504FADCFF31582@D073004FADCFF31582@D074504EADCFE31582@D080004EADCFE31582@D081504EADCFE31582@D083004FADCFF31582@D084504FADCFF31582@D090004EADCFE31582@D091504EADCFE31582@D093004FADCFF31582@D094504FADCFF31582@D100004FADCFF31582@D101504FADCFF31582@D103004EADCFE31582@D104504FADCFF31582@D110004FADCFF31582@D111504FADCFF31582@D113004EADCFE31582@D114504FADCFF31582@D120004EADCFE31582@D121504FADCFF31582@D123004EADCFE31582@D124504FADCFF31582@D130004FADCFF31582@D131504FADCFF31582@D133004FADCFF31582@D134504FADCFF31582@D140004EADCFE31582@D141504FADCFF31582@D143004EADCFE31582@D144504FADCFF31582@D150004EADCFE31582@D151504FADCFF31582@D153004FADCFF31582@D154504FADCFF31582@D160004FADCFF31582@D161504FADCFF31582@D163004FADCFF31582@D164504FADCFF31582@D170004FADCFF31582@D171504FADCFF31582@D173004FADCFF31582@D174504EADCFE31582@D180004FADCFF31582@D181504EADCFE31582@D183004FADCFF31582@D184504FADCFF31582@D190004FADCFF31582@D191504FADCFF31582@D193004EADCFE31582@D194504FADCFF31582@D200004FADCFF31582@D201504FADCFF31582@D203004EADCFE31582@D204504FADCFF31582@D210004FADCFF31582@D211504FADCFF31582@D213004EADCFE31582@D214504EADCFE31582@D220004FADCFF31582@D221504FADCFF31582@D223004FADCFF31582@D224504FADCFF31582@D230004FADCFF31582@D231504FADCFF31582@D233004FADCFF31582@D234504FADCFF31582@E=$0309C8;D;2025/01/19,00:00:00+04
>> D
<<@D000004FADCFF31582@D001504EADCFE31582@D003004EADCFE31582@D004504EADCFE31582@D010004FADCFF31582@D011504EADCFE31582@D013004FADCFF31582@D014504FADCFF31582@D020004EADCFE31582@D021504EADCFE31582@D023004EADCFE31582@D024504FADCFF31582@D030004EADCFE31572@D031504FADCFF31572@D033004EADCFE31572@D034504FADCFF31572@D040004FADCFF31572@D041504FADCFF31572@D043004FADCFF31572@D044504FADCFF31572@D050004EADCFE31562@D051504FADCFF31562@D053004FADCFF31562@D054504FADCFF31562@D060004EADCFE31562@D061504FADCFF31562@D063004FADCFF31562@D064504EADCFE31562@D070004FADCFF31562@D071504FADCFF31562@D073004FADCFF31562@D074504FADCFF31562@D080004FADCFF31562@D081504EADCFE31562@D083004FADCFF31562@D084504FADCFF31562@D090004FADCFF31562@D091504FADCFF31562@D093004FADCFF31562@D094504FADCFF31562@D100004FADCFF31552@D101504FADCFF31552@D103004FADCFF31552@D104504FADCFF31542@D110004FADCFF31542@D111504FADCFF31552@D113004FADCFF31542@D114504FADCFF31542@D120004FADCFF31542@D121504FADCFF31542@D123004EADCFE31542@D124504EADCFE31542@D130004FADCFF31542@D131504EADCFE31542@D133004FADCFF31542@D134504FADCFF31542@D140004EADCFE31542@D141504FADCFF31542@D143004EADCFE31542@D144504FADCFF31542@D150004FADCFF31542@D151504EADCFE31542@D153004FADCFF31542@D154504FADCFF31542@D160004FADCFF31542@D161504EADCFE31532@D163004FADCFF31532@D164504EADCFE31532@D170004FADCFF31522@D171504FADCFF31532@D173004FADCFF31532@D174504FADCFF31522@D180004EADCFE31522@D181504FADCFF31522@D183004EADCFE31522@D184504EADCFE31522@D190004FADCFF31522@D191504FADCFF31522@D193004FADCFF31522@D194504EADCFE31522
>> S=$0309C8
<<
>> S=$0309C8
<<
>> S=$0309C8
<<
>> S=$0309C8
<<
>> S=$0309C8
<<
>> S=$0309C8
<<
>> S=$0309C8
<<
>> S=$0309C8
<<
>> S=$0309C8
<<
>> S=$0309C8
<<
>> S=$0309C8
<<
>> S=$0309C8
<<
>> S=$0309C8
<<
>> S=$0309C8
<<
>> S=$0309C8
<<
>> S=$0309C8
<<
>> S=$0309C8
<<
>> S=$0309C8
<<
>> S=$0309C8
<<
>> S=$0309C8
<<
>> S=$0309C8
<<
>> S=$0309C8
<<
>> S=$0309C8
<<
>> S=$0309C8
<<
>> S=$0309C8
<<
>> S=$0309C8
<<
>> S=$0309C8
<<
>> S=$0309C8
<<
>> S=$0309C8
<<
>> S=$0309C8
<<
>> S=$0309C8
<<
>> S=$0309C8
<<
>> S=$0309C8
<<
>> S=$0309C8
<<
>> S=$0309C8
<<
>> S=$0309C8
<<
>> S=$0309C8
<<
>> S=$0309C8
<<
>> S=$0309C8
<<
>> S=$0309C8
<<
>> S=$0309C8
<<
>> S=$0309C8
<<
>> S=$0309C8
<<
>> S=$0309C8
<<
>> S=$0309C8
<<
>> S=$0309C8
<<
>> S=$0309C8
<<
>> S=$0309C8
<<
>> S=$0309C8
<<
>> S=$0309C8
<<
>> S=$0309C8
<<
>> S=$0309C8
<<
>> S=$0309C8
<<
>> S=$0309C8
<<
>> S=$0309C8
<<
>> S=$0309C8
<<
>> S=$0309C8
<<
>> S=$0309C8
<<
>> S=$0309C8
<<
>> S=$0309C8
<<
>> S=$0309C8
<<
>> S=$0309C8
<<
>> S=$0309C8
<<
>> S=$0309C8
<<
>> S=$0309C8
<<
>> S=$0309C8
<<
>> S=$0309C8
<<
>> S=$0309C8
<<
>> S=$0309C8
<<
>> S=$0309C8
<<
>> S=$0309C8
<<
>> S=$0309C8
<<
>> S=$0309C8
<<
>> S=$0309C8
<<
>> S=$0309C8
<<
>> S=$0309C8
<<
>> S=$0309C8
<<
>> S=$0309C8
<<
>> S=$0309C8
<<
>> S=$0309C8
<<
>> S=$0309C8
<<
>> S=$0309C8
<<
>> S=$0309C8
<<
>> S=$0309C8
<<
>> S=$0309C8
<<
>> S=$0309C8
<<
>> S=$0309C8
<<
>> S=$0309C8
<<
>> S=$0309C8
<<
>> S=$0309C8
<<
>> S=$0309C8
<<
>> S=$0309C8
<<
>> S=$0309C8
<<
>> S=$0309C8
<<
>> S=$0309C8
<<
>> S=$0309C8
<<
>> S=$0309C8
<<
>> S=$0309C8
<<
>> S=$0309C8
<<
>> S=$0309C8
<<
>> S=$0309C8
<<
>> S=$0309C8
<<
>> S=$0309C8
<<
>> S=$0309C8
<<
>> S=$0309C8
<<
>> S=$0309C8
<<
>> S=$0309C8
<<
>> S=$0309C8
<<
>> S=$0309C8
<<
>> S=$0309C8
<<
>> S=$0309C8
<<
>> S=$0309C8
<<
>> S=$0309C8
<<
>> S=$0309C8
<<
>> S=$0309C8
<<
>> S=$0309C8
<<
>> S=$0309C8
<<
>> S=$0309C8
<<
>> S=$0309C8
<<
>> S=$0309C8
<<
>> S=$0309C8
<<
>> S=$0309C8
<<
>> S=$0309C8
<<
>> S=$0309C8
<<
>> S=$0309C8
<<
>> S=$0309C8
<<
>> S=$0309C8
<<
>> S=$0309C8
<<
>> S=$0309C8
<<
>> S=$0309C8
<<
>> S=$0309C8
<<
>> S=$0309C8
<<
>> S=$0309C8
<<
>> S=$0309C8
<<
>> S=$0309C8
<<
>> S=$0309C8
<<
>> S=$0309C8
<<
>> S=$0309C8
<<
>> S=$0309C8
<<
>> S=$0309C8
<<
>> S=$0309C8
<<
>> S=$0309C8
<<
>> S=$0309C8
<<
>> S=$0309C8
<<
>> S=$0309C8
<<
>> S=$0309C8
<<
>> S=$0309C8
<<
>> S=$0309C8
<<
>> S=$0309C8
<<
>> S=$0309C8
<<
>> S=$0309C8
<<
>> S=$0309C8
<<
>> S=$0309C8
<<
>> S=$0309C8
<<
>> S=$0309C8
<<
>> S=$0309C8
<<
>> S=$0309C8
<<
>> S=$0309C8
<<
>> S=$0309C8
<<
>> S=$0309C8
<<
>> S=$0309C8
<<
>> S=$0309C8
<<
>> S=$0309C8
<<
>> S=$0309C8
<<
>> S=$0309C8
<<
>> S=$0309C8
<<
>> S=$0309C8
<<
>> S=$0309C8
<<
>> S=$0309C8
<<
>> S=$0309C8
<<
>> S=$0309C8
<<
>> S=$0309C8
<<
>> S=$0309C8
<<
>> S=$0309C8
<<
>> S=$0309C8
<<
>> S=$0309C8
<<
>> S=$0309C8
<<
>> S=$0309C8
<<
>> S=$0309C8
<<
>> S=$0309C8
<<
>> S=$0309C8
<<
>> S=$0309C8
<<
>> S=$0309C8
<<
>> S=$0309C8
<<
>> S=$0309C8
<<
>> S=$0309C8
<<
>> S=$0309C8
<<
>> S=$0309C8
<<
>> S=$0309C8
<<
>> S=$0309C8
<<
>> S=$0309C8
<<
>> S=$0309C8
<<
>> S=$0309C8
<<
>> S=$0309C8
<<
>> S=$0309C8
<<
>> S=$0309C8
<<
>> S=$0309C8
<<
>> S=$0309C8
<<
>> S=$0309C8
<<
>> S=$0309C8
<<
>> S=$0309C8
<<
>> S=$0309C8
<<
>> S=$0309C8
<<
>> S=$0309C8
<<
>> S=$0309C8
<<
>> S=$0309C8
<<
>> S=$0309C8
<<
>> S=$0309C8
<<
>> S=$0309C8
<<
>> S=$0309C8
<<
>> S=$0309C8
<<
>> C=2025/07/01,20:43:35-28
<<
